ISS (ZARYA)             
1 25544U 98067A   26117.16773235  .00010693  00000+0  20200-3 0  9996
2 25544  51.6319 192.6271 0007042 355.6641   4.4286 15.48984622563847
POISK                   
1 36086U 09060A   26117.16773235  .00010693  00000+0  20200-3 0  9994
2 36086  51.6319 192.6271 0007042 355.6641   4.4286 15.48984622563525
CSS (TIANHE)            
1 48274U 21035A   26117.31211214  .00028957  00000+0  31168-3 0  9990
2 48274  41.4669 271.7854 0006817 282.3380  77.6697 15.63043450285210
ISS (NAUKA)             
1 49044U 21066A   26117.16773235  .00010693  00000+0  20200-3 0  9992
2 49044  51.6319 192.6271 0007042 355.6641   4.4286 15.48984622563567
FREGAT DEB              
1 49271U 11037PF  26115.48463640  .00007383  00000+0  11304-1 0  9995
2 49271  51.6455 160.2244 0940570 166.6488 196.1217 12.41059581218503
CSS (WENTIAN)           
1 53239U 22085A   26117.31211214  .00028957  00000+0  31168-3 0  9993
2 53239  41.4669 271.7854 0006817 282.3380  77.6697 15.63043450283136
CSS (MENGTIAN)          
1 54216U 22143A   26117.31211214  .00028957  00000+0  31168-3 0  9994
2 54216  41.4669 271.7854 0006817 282.3380  77.6697 15.63043450285235
TIANZHOU-9              
1 64786U 25149A   26117.31211214  .00028957  00000+0  31168-3 0  9996
2 64786  41.4669 271.7854 0006817 282.3380  77.6697 15.63043450285249
HRC MONOBLOCK CAMERA    
1 66052U 98067XR  26116.46827867  .00067961  00000+0  61473-3 0  9995
2 66052  51.6263 183.4395 0004894 337.5121  22.5660 15.67436349 29879
HTV-X1                  
1 66174U 25241A   26112.99220554  .00004413  00000+0  14900-3 0  9994
2 66174  51.6353 219.4042 0007821 344.1053  15.9682 15.32728944 27734
SZ-21 MODULE            
1 66515U 25246C   26116.70347336  .00045980  00000+0  33789-3 0  9999
2 66515  41.4732 266.9520 0003939 331.6776  28.3852 15.72262877 25623
SHENZHOU-22             
1 66645U 25272A   26117.31211214  .00028957  00000+0  31168-3 0  9999
2 66645  41.4669 271.7854 0006817 282.3380  77.6697 15.63043450285256
SOYUZ-MS 28             
1 66664U 25275A   26117.16773235  .00010693  00000+0  20200-3 0  9995
2 66664  51.6319 192.6271 0007042 355.6641   4.4286 15.48984622563801
DUPLEX                  
1 66906U 98067XS  26117.21230405  .00034552  00000+0  43592-3 0  9995
2 66906  51.6278 186.1727 0004837 348.5782  11.5100 15.59235257 22690
ISS OBJECT XT           
1 66907U 98067XT  26116.46449832  .00637256  18040-3  15780-2 0  9992
2 66907  51.6166 178.0521 0012237   2.0262 358.0793 15.95202701 22737
ISS OBJECT XU           
1 66908U 98067XU  26117.20361554  .00709838  23008-3  15907-2 0  9997
2 66908  51.6160 173.9767 0011916   4.7356 355.3763 15.97036030 22856
ISS OBJECT XW           
1 66910U 98067XW  26117.15573510  .00450014  87068-4  14758-2 0  9990
2 66910  51.6164 175.1684 0011524   1.0296 359.0731 15.89886297 22836
ISS OBJECT XY           
1 66912U 98067XY  26117.17965262  .00163729  00000+0  10794-2 0  9999
2 66912  51.6235 179.9147 0008204 358.0489   2.0477 15.74563279 22763
KNACKSAT-2              
1 67683U 98067XZ  26116.25625459  .00044626  00000+0  63922-3 0  9990
2 67683  51.6294 194.7914 0012362   5.5713 354.5413 15.55638730 12189
CORAL                   
1 67684U 98067YA  26116.66085350  .00114345  00000+0  12259-2 0  9998
2 67684  51.6273 190.7379 0016358   0.5868 359.5142 15.62793344 12278
GXIBA-1                 
1 67685U 98067YB  26116.49034930  .00052045  00000+0  71982-3 0  9995
2 67685  51.6291 193.3546 0014338   3.3425 356.7660 15.56487871 12227
UITMSAT-2               
1 67686U 98067YC  26116.58000711  .00064861  00000+0  84249-3 0  9995
2 67686  51.6293 192.4560 0011322 345.2259  14.8400 15.58121520 12243
HMU-SAT2                
1 67687U 98067YD  26116.43658689  .00052493  00000+0  73680-3 0  9998
2 67687  51.6295 193.7497 0010468 345.5390  14.5300 15.56142237 12138
LEOPARD                 
1 67688U 98067YE  26116.66181305  .00061213  00000+0  81781-3 0  9991
2 67688  51.6299 192.2540 0010998 345.7269  14.3410 15.57398595 12176
CREW DRAGON 12          
1 67796U 26031A   26117.16773235  .00010693  00000+0  20200-3 0  9993
2 67796  51.6319 192.6271 0007042 355.6641   4.4286 15.48984622564012
PROGRESS-MS 33          
1 68319U 26058A   26117.16773235  .00010693  00000+0  20200-3 0  9994
2 68319  51.6319 192.6271 0007042 355.6641   4.4286 15.48984622  5193
CYGNUS NG-24            
1 68689U 26079A   26117.16773235  .00010693  00000+0  20200-3 0  9997
2 68689  51.6319 192.6271 0007042 355.6641   4.4286 15.48984622  2493
PROGRESS-MS 34          
1 68837U 26093A   26116.23503560  .00040100  00000+0  20343-3 0  9991
2 68837  51.6342 197.6499 0010098  15.4664 344.6644 15.81015064    28
